F1=1000;%Canal1
F2=1500;
F3=2000;
Df=10;
Fs=10000;
Dt=0.2;