F1=500;%Canal1
F2=1000;
F3=1500;
Df=10;
Fs=10000;
Dt=0.2;